model_type,noise,angle,sig_frac,n_epochs,train_time,epochs,eval_acc,train_acc,test_acc,eval_loss,train_loss,test_loss,weighted_n_events,n_raw_bkgd,n_raw_sig,n_pass_bkgd,n_pass_sig,raw_signif,pass_signif
regress,	0.2,1.4,0.001,1000,76.1988,469,0.8046,0.8045,0.8046,0.2722,0.3073,0.2706,100000,13527,99,80,56,0.848,4.802
regress,	0.2,1.4,0.001,1000,65.6533,412,0.8022,0.8021,0.8022,0.2746,0.3105,0.2770,100000,13527,99,44,50,0.848,5.157
regress,	0.2,1.4,0.001,1000,75.3607,471,0.8028,0.8027,0.8028,0.2735,0.3074,0.2733,100000,13527,99,132,58,0.848,4.208
regress,	0.2,1.4,0.001,1000,86.7270,540,0.8033,0.8033,0.8034,0.2737,0.3116,0.2672,100000,13527,99,35,48,0.848,5.269
regress,	0.2,1.4,0.001,1000,102.3164,645,0.8070,0.8070,0.8070,0.2692,0.2997,0.2747,100000,13527,99,5,26,0.848,4.670
binary_softmax,	0.2,1.4,0.001,1000,74.6799,440,0.8045,0.8045,0.8046,0.2730,0.3081,0.2746,100000,13527,99,1965,85,0.848,1.877
binary_softmax,	0.2,1.4,0.001,1000,84.4765,502,0.7949,0.7948,0.7949,0.2707,0.3076,0.2759,100000,13527,99,2006,85,0.848,1.859
binary_softmax,	0.2,1.4,0.001,1000,73.5094,449,0.7995,0.7994,0.7995,0.2792,0.3160,0.2735,100000,13527,99,2090,86,0.848,1.844
binary_softmax,	0.2,1.4,0.001,1000,62.9527,379,0.8026,0.8026,0.8027,0.2725,0.3063,0.2748,100000,13527,99,1955,85,0.848,1.882
binary_softmax,	0.2,1.4,0.001,1000,63.6168,387,0.7906,0.7905,0.7906,0.2710,0.3077,0.2798,100000,13527,99,1906,85,0.848,1.905
relegator,	0.2,1.4,0.001,1000,106.8440,471,0.3609,0.3610,0.3608,2.6103,4.5142,3.1778,100000,13527,99,5,30,0.848,5.071
relegator,	0.2,1.4,0.001,1000,106.4544,472,0.4240,0.4241,0.4239,2.6127,5.3089,3.2403,100000,13527,99,22,45,0.848,5.498
relegator,	0.2,1.4,0.001,1000,90.0431,403,0.7203,0.7203,0.7203,3.1043,5.3805,3.3410,100000,13527,99,11,39,0.848,5.515
relegator,	0.2,1.4,0.001,1000,60.3734,269,0.6608,0.6606,0.6608,9.3967,9.7114,9.8519,100000,13527,99,3804,81,0.848,1.300
relegator,	0.2,1.4,0.001,1000,91.1664,403,0.6030,0.6028,0.6030,2.9473,5.0037,3.1611,100000,13527,99,23,42,0.848,5.209
regress,	0.2,1.4,0.0018,1000,71.1359,449,0.8020,0.8020,0.8021,0.2740,0.3090,0.2851,100000,13313,179,128,106,1.541,6.929
regress,	0.2,1.4,0.0018,1000,75.8704,475,0.8001,0.8000,0.8001,0.2772,0.3110,0.2755,100000,13313,179,103,104,1.541,7.228
regress,	0.2,1.4,0.0018,1000,80.5728,501,0.8018,0.8018,0.8018,0.2734,0.3084,0.2898,100000,13313,179,138,110,1.541,6.985
regress,	0.2,1.4,0.0018,1000,83.2901,520,0.8017,0.8016,0.8017,0.2749,0.3096,0.2790,100000,13313,179,90,103,1.541,7.414
regress,	0.2,1.4,0.0018,1000,88.0102,553,0.8103,0.8102,0.8103,0.2739,0.3097,0.2746,100000,13313,179,39,89,1.541,7.867
binary_softmax,	0.2,1.4,0.0018,1000,72.4106,435,0.7916,0.7915,0.7916,0.2786,0.3126,0.2705,100000,13313,179,1764,150,1.541,3.429
binary_softmax,	0.2,1.4,0.0018,1000,75.3743,448,0.8072,0.8072,0.8072,0.2788,0.3156,0.2712,100000,13313,179,1693,148,1.541,3.449
binary_softmax,	0.2,1.4,0.0018,1000,65.7660,395,0.8097,0.8096,0.8097,0.2737,0.3060,0.2818,100000,13313,179,1659,149,1.541,3.504
binary_softmax,	0.2,1.4,0.0018,1000,72.1845,436,0.7952,0.7952,0.7953,0.2743,0.3070,0.2769,100000,13313,179,1688,149,1.541,3.476
binary_softmax,	0.2,1.4,0.0018,1000,79.8783,475,0.7928,0.7927,0.7928,0.2758,0.3098,0.2735,100000,13313,179,1694,151,1.541,3.515
relegator,	0.2,1.4,0.0018,1000,62.1024,269,0.6556,0.6555,0.6556,5.3897,5.6210,5.5279,100000,13313,179,2906,150,1.541,2.713
relegator,	0.2,1.4,0.0018,1000,105.8073,461,0.6917,0.6917,0.6918,1.7780,3.0167,1.8709,100000,13313,179,26,89,1.541,8.299
relegator,	0.2,1.4,0.0018,1000,89.0607,389,0.7386,0.7386,0.7386,1.9132,3.0691,1.8666,100000,13313,179,28,89,1.541,8.228
relegator,	0.2,1.4,0.0018,1000,106.2185,475,0.4634,0.4637,0.4633,1.4595,1.4353,1.4944,100000,13313,179,0,32,1.541,5.657
relegator,	0.2,1.4,0.0018,1000,86.7169,391,0.4323,0.4327,0.4322,1.4867,1.4460,1.5173,100000,13313,179,0,29,1.541,5.385
regress,	0.2,1.4,0.0032,1000,74.2613,461,0.8078,0.8077,0.8078,0.2809,0.3137,0.2752,100000,13454,314,72,173,2.676,11.053
regress,	0.2,1.4,0.0032,1000,104.6651,657,0.8110,0.8110,0.8111,0.2741,0.3109,0.2795,100000,13454,314,43,167,2.676,11.524
regress,	0.2,1.4,0.0032,1000,93.0542,590,0.8091,0.8090,0.8091,0.2733,0.3052,0.2843,100000,13454,314,79,176,2.676,11.022
regress,	0.2,1.4,0.0032,1000,106.9772,502,0.7896,0.7895,0.7896,0.2797,0.3161,0.2757,100000,13454,314,33,162,2.676,11.601
regress,	0.2,1.4,0.0032,1000,103.9017,536,0.8071,0.8070,0.8071,0.2810,0.3126,0.2691,100000,13454,314,104,185,2.676,10.882
binary_softmax,	0.2,1.4,0.0032,1000,86.8329,524,0.8030,0.8029,0.8030,0.2755,0.3137,0.2748,100000,13454,314,1889,270,2.676,5.811
binary_softmax,	0.2,1.4,0.0032,1000,77.4022,470,0.8031,0.8030,0.8031,0.2748,0.3122,0.2764,100000,13454,314,2050,275,2.676,5.703
binary_softmax,	0.2,1.4,0.0032,1000,76.8461,462,0.7996,0.7995,0.7996,0.2765,0.3165,0.2714,100000,13454,314,1813,270,2.676,5.916
binary_softmax,	0.2,1.4,0.0032,1000,70.6962,454,0.8070,0.8069,0.8070,0.2807,0.3134,0.2636,100000,13454,314,1870,269,2.676,5.816
binary_softmax,	0.2,1.4,0.0032,1000,70.8338,448,0.7941,0.7941,0.7942,0.2779,0.3121,0.2751,100000,13454,314,1927,272,2.676,5.800
relegator,	0.2,1.4,0.0032,1000,105.4807,473,0.6869,0.6868,0.6869,1.2920,1.9617,1.3233,100000,13454,314,44,166,2.676,11.455
relegator,	0.2,1.4,0.0032,1000,93.4669,418,0.4071,0.4074,0.4069,1.3399,1.3076,1.3638,100000,13454,314,0,41,2.676,6.403
relegator,	0.2,1.4,0.0032,1000,96.9932,436,0.7366,0.7365,0.7366,1.3511,1.9745,1.3584,100000,13454,314,49,166,2.676,11.321
relegator,	0.2,1.4,0.0032,1000,93.9488,413,0.6730,0.6730,0.6730,1.6225,2.2371,1.8709,100000,13454,314,107,184,2.676,10.786
relegator,	0.2,1.4,0.0032,1000,94.7166,428,0.7349,0.7350,0.7349,1.2346,1.8303,1.2870,100000,13454,314,27,142,2.676,10.923
regress,	0.2,1.4,0.0056,1000,71.0152,452,0.8118,0.8118,0.8119,0.2771,0.3061,0.2687,100000,13452,552,93,320,4.665,15.746
regress,	0.2,1.4,0.0056,1000,77.5566,492,0.7833,0.7832,0.7833,0.2689,0.3011,0.2828,100000,13452,552,126,345,4.665,15.897
regress,	0.2,1.4,0.0056,1000,67.7358,431,0.7832,0.7831,0.7833,0.2733,0.3057,0.2801,100000,13452,552,113,337,4.665,15.886
regress,	0.2,1.4,0.0056,1000,77.4863,492,0.8123,0.8123,0.8124,0.2736,0.3062,0.2710,100000,13452,552,69,310,4.665,15.924
regress,	0.2,1.4,0.0056,1000,73.4702,466,0.7920,0.7919,0.7920,0.2811,0.3134,0.2742,100000,13452,552,46,255,4.665,14.698
binary_softmax,	0.2,1.4,0.0056,1000,74.9566,456,0.8109,0.8108,0.8109,0.2691,0.3048,0.2815,100000,13452,552,1762,485,4.665,10.232
binary_softmax,	0.2,1.4,0.0056,1000,92.8125,570,0.8195,0.8194,0.8195,0.2732,0.3085,0.2665,100000,13452,552,1524,474,4.665,10.604
binary_softmax,	0.2,1.4,0.0056,1000,82.2841,506,0.8134,0.8133,0.8134,0.2718,0.3033,0.2761,100000,13452,552,1585,479,4.665,10.543
binary_softmax,	0.2,1.4,0.0056,1000,91.3339,552,0.8121,0.8120,0.8121,0.2709,0.3077,0.2729,100000,13452,552,1597,480,4.665,10.532
binary_softmax,	0.2,1.4,0.0056,1000,70.7108,431,0.8040,0.8039,0.8040,0.2713,0.3041,0.2813,100000,13452,552,1759,481,4.665,10.163
relegator,	0.2,1.4,0.0056,1000,208.6245,481,0.6882,0.6882,0.6882,0.8684,1.2004,0.8976,100000,13452,552,68,302,4.665,15.700
relegator,	0.2,1.4,0.0056,1000,104.8015,471,0.5131,0.5130,0.5132,0.9317,1.2620,0.9601,100000,13452,552,62,299,4.665,15.737
relegator,	0.2,1.4,0.0056,1000,108.2962,490,0.6537,0.6536,0.6537,0.8769,1.2181,0.8882,100000,13452,552,57,293,4.665,15.662
relegator,	0.2,1.4,0.0056,1000,99.6477,448,0.4310,0.4310,0.4309,0.9964,1.3180,1.0394,100000,13452,552,50,288,4.665,15.665
relegator,	0.2,1.4,0.0056,1000,106.8061,483,0.6423,0.6422,0.6424,0.9669,1.3026,1.0000,100000,13452,552,69,303,4.665,15.710
regress,	0.2,1.4,0.01,1000,76.5727,489,0.8065,0.8064,0.8065,0.2673,0.3035,0.2715,100000,13076,987,156,616,8.323,22.170
regress,	0.2,1.4,0.01,1000,83.8156,537,0.8098,0.8097,0.8098,0.2658,0.3006,0.2662,100000,13076,987,133,605,8.323,22.270
regress,	0.2,1.4,0.01,1000,78.5724,493,0.7850,0.7849,0.7851,0.2668,0.3025,0.2616,100000,13076,987,134,611,8.323,22.385
regress,	0.2,1.4,0.01,1000,101.0059,569,0.8055,0.8054,0.8055,0.2651,0.3051,0.2648,100000,13076,987,209,659,8.323,22.368
regress,	0.2,1.4,0.01,1000,78.2511,463,0.8103,0.8102,0.8103,0.2646,0.3032,0.2758,100000,13076,987,106,597,8.323,22.516
binary_softmax,	0.2,1.4,0.01,1000,108.3000,560,0.8048,0.8047,0.8048,0.2677,0.3030,0.2641,100000,13076,987,1732,860,8.323,16.892
binary_softmax,	0.2,1.4,0.01,1000,78.6593,456,0.8106,0.8106,0.8106,0.2686,0.3053,0.2612,100000,13076,987,1801,858,8.323,16.639
binary_softmax,	0.2,1.4,0.01,1000,74.2077,446,0.8066,0.8065,0.8066,0.2644,0.3017,0.2754,100000,13076,987,1937,867,8.323,16.373
binary_softmax,	0.2,1.4,0.01,1000,75.1426,452,0.7996,0.7996,0.7997,0.2691,0.3052,0.2635,100000,13076,987,1780,861,8.323,16.754
binary_softmax,	0.2,1.4,0.01,1000,84.4427,507,0.8021,0.8020,0.8021,0.2655,0.2981,0.2662,100000,13076,987,1846,862,8.323,16.565
relegator,	0.2,1.4,0.01,1000,111.0817,494,0.6997,0.6996,0.6997,0.6862,0.8757,0.7054,100000,13076,987,107,604,8.323,22.652
relegator,	0.2,1.4,0.01,1000,89.8569,402,0.4248,0.4249,0.4247,0.8151,1.0130,0.8520,100000,13076,987,59,562,8.323,22.552
relegator,	0.2,1.4,0.01,1000,92.3722,413,0.7491,0.7490,0.7491,0.7406,0.9001,0.7654,100000,13076,987,151,632,8.323,22.586
relegator,	0.2,1.4,0.01,1000,112.6635,499,0.7767,0.7766,0.7767,0.6812,0.8621,0.7139,100000,13076,987,125,614,8.323,22.586
relegator,	0.2,1.4,0.01,1000,113.1267,504,0.7627,0.7627,0.7627,0.6793,0.8781,0.7031,100000,13076,987,94,596,8.323,22.689
regress,	0.2,1.4,0.0178,1000,87.9094,554,0.8108,0.8108,0.8109,0.2741,0.3095,0.2653,100000,13321,1759,189,1122,14.324,30.988
regress,	0.2,1.4,0.0178,1000,80.0951,511,0.8124,0.8123,0.8124,0.2697,0.3051,0.2737,100000,13321,1759,460,1286,14.324,30.776
regress,	0.2,1.4,0.0178,1000,89.2002,562,0.8064,0.8064,0.8065,0.2674,0.2992,0.2827,100000,13321,1759,360,1235,14.324,30.923
regress,	0.2,1.4,0.0178,1000,70.7022,435,0.8118,0.8117,0.8118,0.2758,0.3111,0.2704,100000,13321,1759,424,1268,14.324,30.826
regress,	0.2,1.4,0.0178,1000,76.6372,475,0.7919,0.7918,0.7919,0.2669,0.3009,0.2825,100000,13321,1759,262,1184,14.324,31.136
binary_softmax,	0.2,1.4,0.0178,1000,80.8863,483,0.8024,0.8024,0.8024,0.2722,0.3094,0.2677,100000,13321,1759,1658,1518,14.324,26.936
binary_softmax,	0.2,1.4,0.0178,1000,66.9799,403,0.8157,0.8156,0.8157,0.2684,0.3008,0.2829,100000,13321,1759,1742,1535,14.324,26.815
binary_softmax,	0.2,1.4,0.0178,1000,89.4324,536,0.7940,0.7939,0.7940,0.2704,0.3055,0.2689,100000,13321,1759,1559,1515,14.324,27.325
binary_softmax,	0.2,1.4,0.0178,1000,87.2267,516,0.8148,0.8148,0.8149,0.2722,0.3047,0.2708,100000,13321,1759,1768,1535,14.324,26.709
binary_softmax,	0.2,1.4,0.0178,1000,83.7386,499,0.8080,0.8079,0.8080,0.2716,0.3087,0.2679,100000,13321,1759,1786,1535,14.324,26.636
relegator,	0.2,1.4,0.0178,1000,111.9752,499,0.7706,0.7706,0.7706,0.5511,0.6547,0.5547,100000,13321,1759,208,1156,14.324,31.300
relegator,	0.2,1.4,0.0178,1000,89.2474,397,0.7819,0.7818,0.7819,0.6549,0.7317,0.6296,100000,13321,1759,845,1387,14.324,29.358
relegator,	0.2,1.4,0.0178,1000,109.8562,487,0.6998,0.6997,0.6999,0.6002,0.6946,0.5899,100000,13321,1759,397,1255,14.324,30.877
relegator,	0.2,1.4,0.0178,1000,87.0685,384,0.7745,0.7744,0.7745,0.6453,0.7111,0.6459,100000,13321,1759,711,1343,14.324,29.633
relegator,	0.2,1.4,0.0178,1000,105.6317,471,0.6957,0.6955,0.6957,0.6375,0.7140,0.6449,100000,13321,1759,664,1339,14.324,29.919
regress,	0.2,1.4,0.0316,1000,71.3476,442,0.8004,0.8004,0.8005,0.2791,0.3141,0.2848,100000,12724,3127,670,2376,24.837,43.051
regress,	0.2,1.4,0.0316,1000,71.3366,451,0.8021,0.8021,0.8022,0.2821,0.3149,0.2790,100000,12724,3127,401,2219,24.837,43.352
regress,	0.2,1.4,0.0316,1000,78.0701,495,0.8012,0.8011,0.8012,0.2778,0.3106,0.2773,100000,12724,3127,165,2013,24.837,43.134
regress,	0.2,1.4,0.0316,1000,83.9775,525,0.8095,0.8094,0.8095,0.2795,0.3140,0.2729,100000,12724,3127,418,2236,24.837,43.403
regress,	0.2,1.4,0.0316,1000,66.3595,418,0.7952,0.7952,0.7953,0.2804,0.3140,0.2773,100000,12724,3127,498,2310,24.837,43.593
binary_softmax,	0.2,1.4,0.0316,1000,61.6771,373,0.7910,0.7909,0.7911,0.2791,0.3157,0.2803,100000,12724,3127,1886,2784,24.837,40.739
binary_softmax,	0.2,1.4,0.0316,1000,71.5382,431,0.7921,0.7920,0.7921,0.2748,0.3052,0.2838,100000,12724,3127,1948,2799,24.837,40.625
binary_softmax,	0.2,1.4,0.0316,1000,69.8545,419,0.7865,0.7864,0.7865,0.2801,0.3137,0.2773,100000,12724,3127,1781,2762,24.837,40.978
binary_softmax,	0.2,1.4,0.0316,1000,77.1121,452,0.7945,0.7944,0.7945,0.2795,0.3125,0.2750,100000,12724,3127,1984,2810,24.837,40.584
binary_softmax,	0.2,1.4,0.0316,1000,93.7662,446,0.7957,0.7956,0.7957,0.2817,0.3112,0.2712,100000,12724,3127,1948,2795,24.837,40.584
relegator,	0.2,1.4,0.0316,1000,98.2916,344,0.7671,0.7670,0.7671,0.5027,0.5685,0.4988,100000,12724,3127,1099,2557,24.837,42.289
relegator,	0.2,1.4,0.0316,1000,84.2691,367,0.7614,0.7613,0.7614,0.5002,0.5616,0.5101,100000,12724,3127,825,2429,24.837,42.581
relegator,	0.2,1.4,0.0316,1000,76.8463,332,0.7413,0.7411,0.7414,0.5032,0.5617,0.5200,100000,12724,3127,1119,2559,24.837,42.195
relegator,	0.2,1.4,0.0316,1000,84.7633,376,0.7338,0.7336,0.7338,0.5110,0.5636,0.5235,100000,12724,3127,1254,2592,24.837,41.796
relegator,	0.2,1.4,0.0316,1000,87.7117,386,0.7684,0.7683,0.7685,0.5139,0.5684,0.4818,100000,12724,3127,1154,2560,24.837,42.007
regress,	0.2,1.4,0.0562,1000,85.8863,540,0.8059,0.8059,0.8060,0.2751,0.3100,0.2721,100000,12863,5540,983,4479,40.838,60.605
regress,	0.2,1.4,0.0562,1000,75.3512,476,0.7893,0.7892,0.7893,0.2774,0.3134,0.2699,100000,12863,5540,351,3914,40.838,59.932
regress,	0.2,1.4,0.0562,1000,85.3671,538,0.7974,0.7974,0.7975,0.2739,0.3068,0.2765,100000,12863,5540,433,4019,40.838,60.234
regress,	0.2,1.4,0.0562,1000,84.8498,524,0.7997,0.7996,0.7997,0.2713,0.3068,0.2788,100000,12863,5540,350,3945,40.838,60.196
regress,	0.2,1.4,0.0562,1000,72.0229,455,0.8160,0.8159,0.8160,0.2715,0.3071,0.2769,100000,12863,5540,853,4395,40.838,60.668
binary_softmax,	0.2,1.4,0.0562,1000,82.2434,490,0.8044,0.8043,0.8044,0.2719,0.3064,0.2754,100000,12863,5540,1757,4883,40.838,59.924
binary_softmax,	0.2,1.4,0.0562,1000,78.0091,468,0.8060,0.8059,0.8060,0.2722,0.3012,0.2746,100000,12863,5540,1913,4933,40.838,59.620
binary_softmax,	0.2,1.4,0.0562,1000,66.1258,398,0.7973,0.7972,0.7973,0.2751,0.3107,0.2717,100000,12863,5540,1851,4917,40.838,59.768
binary_softmax,	0.2,1.4,0.0562,1000,80.8314,487,0.8086,0.8086,0.8086,0.2699,0.3070,0.2736,100000,12863,5540,1585,4792,40.838,60.008
binary_softmax,	0.2,1.4,0.0562,1000,78.4080,471,0.8073,0.8073,0.8073,0.2726,0.3047,0.2725,100000,12863,5540,1619,4807,40.838,59.966
relegator,	0.2,1.4,0.0562,1000,78.3857,345,0.7571,0.7570,0.7572,0.4127,0.4635,0.4138,100000,12863,5540,1085,4518,40.838,60.358
relegator,	0.2,1.4,0.0562,1000,91.0933,398,0.7654,0.7653,0.7655,0.4082,0.4481,0.4166,100000,12863,5540,1330,4645,40.838,60.092
relegator,	0.2,1.4,0.0562,1000,78.5243,351,0.7546,0.7545,0.7546,0.4117,0.4582,0.4094,100000,12863,5540,1245,4619,40.838,60.319
relegator,	0.2,1.4,0.0562,1000,87.7161,389,0.7890,0.7889,0.7890,0.4020,0.4458,0.4145,100000,12863,5540,1210,4603,40.838,60.373
relegator,	0.2,1.4,0.0562,1000,95.9096,426,0.7713,0.7712,0.7714,0.4059,0.4543,0.4091,100000,12863,5540,1221,4600,40.838,60.292
regress,	0.2,1.4,0.1,1000,84.2047,525,0.8020,0.8019,0.8020,0.2809,0.3197,0.2806,100000,11986,9876,2474,9177,66.794,85.020
regress,	0.2,1.4,0.1,1000,91.5424,570,0.7836,0.7836,0.7837,0.2777,0.3176,0.2778,100000,11986,9876,1023,8051,66.794,84.518
regress,	0.2,1.4,0.1,1000,84.3701,532,0.8031,0.8030,0.8031,0.2784,0.3136,0.2812,100000,11986,9876,2246,9057,66.794,85.190
regress,	0.2,1.4,0.1,1000,82.2729,517,0.7970,0.7969,0.7970,0.2805,0.3115,0.2835,100000,11986,9876,1305,8323,66.794,84.823
regress,	0.2,1.4,0.1,1000,74.9299,471,0.8014,0.8013,0.8014,0.2791,0.3159,0.2878,100000,11986,9876,2913,9415,66.794,84.796
binary_softmax,	0.2,1.4,0.1,1000,90.6489,543,0.8085,0.8085,0.8085,0.2759,0.3091,0.2853,100000,11986,9876,1502,8495,66.794,84.963
binary_softmax,	0.2,1.4,0.1,1000,73.4709,443,0.7888,0.7887,0.7888,0.2776,0.3147,0.2843,100000,11986,9876,1678,8633,66.794,85.018
binary_softmax,	0.2,1.4,0.1,1000,64.2568,388,0.7902,0.7901,0.7902,0.2868,0.3189,0.2722,100000,11986,9876,1433,8427,66.794,84.866
binary_softmax,	0.2,1.4,0.1,1000,71.0283,420,0.7904,0.7903,0.7904,0.2826,0.3204,0.2720,100000,11986,9876,1704,8669,66.794,85.117
binary_softmax,	0.2,1.4,0.1,1000,78.2358,467,0.7986,0.7985,0.7986,0.2786,0.3114,0.2838,100000,11986,9876,1497,8498,66.794,85.001
relegator,	0.2,1.4,0.1,1000,91.5467,404,0.7695,0.7694,0.7695,0.3664,0.4092,0.3484,100000,11986,9876,1263,8302,66.794,84.887
relegator,	0.2,1.4,0.1,1000,89.7845,397,0.7404,0.7403,0.7405,0.3647,0.4056,0.3734,100000,11986,9876,1237,8213,66.794,84.486
relegator,	0.2,1.4,0.1,1000,85.0333,377,0.7714,0.7713,0.7714,0.3628,0.4075,0.3622,100000,11986,9876,1364,8363,66.794,84.795
relegator,	0.2,1.4,0.1,1000,97.6908,433,0.7875,0.7874,0.7875,0.3591,0.4029,0.3614,100000,11986,9876,1280,8294,66.794,84.765
relegator,	0.2,1.4,0.1,1000,93.9184,420,0.7738,0.7737,0.7738,0.3572,0.3917,0.3720,100000,11986,9876,1498,8441,66.794,84.669